                   outer_mse  inner_random_mse  inner_grouped_mse
family    value                                                  
SVR gamma 0.003         3.60              2.95               4.13
          0.010         4.75              2.72               6.56
          0.030         6.61              2.51              11.62
          0.100        13.56              2.04               8.11
          0.300         7.25              1.08               6.67
          1.000         7.88              1.94               7.98
kNN k     1.000         5.88              2.60               5.87
          3.000         5.21              2.40               5.25
          5.000         5.09              2.51               5.17
          9.000         5.01              2.49               5.04
          15.000        4.93              2.76               5.02
          25.000        4.68              2.99               4.79
          41.000        4.40              3.18               4.64
          65.000        4.28              3.34               4.58
          129.000       4.34              3.76               4.87
done
